id,EAP,HPL,MWS
id02310,0.5667971081100718,0.37443861330344974,0.05876427858647849
id24541,0.8160344179767948,0.13103221670928428,0.05293336531392088
id00134,0.045447795928298916,0.9401627781909623,0.014389425880738686
id27757,0.6536892807812307,0.1712661578848997,0.17504456133386959
id04081,0.17041445074255002,0.2839060491026538,0.545679500154796
id27337,0.17639035156840763,0.7276736397294936,0.09593600870209869
id24265,0.28523981085141037,0.6149541566501033,0.09980603249848635
id25917,0.5268051611153577,0.38536424813100395,0.08783059075363832
id04951,0.001299737797230901,0.0014509518272857607,0.9972493103754834
id14549,0.23204235599679643,0.7311797940796759,0.03677784992352768
id22505,0.8203768582362282,0.16190297993520403,0.017720161828567855
id24002,0.5033769885300018,0.31388400011177986,0.18273901135821843
id18982,0.582579982271443,0.18206688003332927,0.2353531376952277
id15181,0.8127121928290283,0.16373752247766868,0.02355028469330297
id21888,0.49066146068934213,0.19142882665235317,0.31790971265830476
id12035,0.00015828938159476557,0.49424589247887185,0.5055958181395335
id17991,0.007828256409968556,0.97228584211753,0.019885901472501577
id10707,0.1128446036570744,0.8631290434606843,0.024026352882241166
id07101,0.8041473212343709,0.056018930540909326,0.1398337482247197
id00345,0.02760303134768024,0.9129883358043501,0.0594086328479696
id05912,0.1446242209443907,0.8407514681212875,0.014624310934321753
id13443,0.010027463738217607,0.9304285976490413,0.059543938612741196
id09248,0.020104291803675862,0.3799046231838868,0.5999910850124374
id17542,0.5547953023201996,0.442862121914524,0.002342575765276511
id06995,0.08829816226552636,0.8972282583033121,0.014473579431161529
id25159,0.5235648380245883,0.1153321349247822,0.3611030270506294
id25729,0.5254168854823986,0.47130534655287004,0.003277767964731371
id26949,0.27931920131125326,0.3261232778616962,0.3945575208270505
id27191,0.9802792462477319,0.010413471504009019,0.009307282248258962
id07668,0.14139905346279208,0.7480840886154123,0.11051685792179565
id02230,0.3942752380287689,0.13627819466597285,0.46944656730525824
id15553,0.24336341424585048,0.754352293427605,0.0022842923265444202
id25688,0.018161097113863132,0.9285402569578913,0.05329864592824563
id17545,0.046401575281344774,0.9477183408864565,0.005880083832198732
id13929,0.6606104970068539,0.3339845259891054,0.005404977004040874
id12880,0.4970130338175824,0.047291208961093706,0.45569575722132394
id19282,0.013570002191292344,0.0004966260006966136,0.985933371808011
id14690,0.1544403104618202,0.2139294742737991,0.6316302152643807
id17975,0.0007589048987139427,0.15531521169869908,0.843925883402587
id08037,0.9671883132220062,0.027969267124878204,0.0048424196531155475
id15412,0.0001354654484448162,0.6371012430263854,0.3627632915251699
id25032,0.43726678027050897,0.39700503473383225,0.1657281849956588
id27165,0.2468411509111954,0.012169762428330783,0.7409890866604737
id03327,0.36533778740876116,0.6316965319604428,0.0029656806307959954
id18515,0.18382206655812156,0.6065303643862928,0.20964756905558565
id21003,0.9961240251315971,0.0005340720266465182,0.0033419028417562254
id23855,0.7269221755086483,0.008395130573283916,0.26468269391806787
id20724,0.5837956535998027,0.1817854518385753,0.23441889456162202
id13303,0.28775073191089257,0.042008908824512387,0.6702403592645951
id16521,0.5381556192075907,0.19824989200568752,0.26359448878672187
id20775,0.3679682276054809,0.5641968259564548,0.0678349464380643
id13029,0.40519261163372156,0.008436348175415616,0.5863710401908627
id14660,0.17718397940039252,0.12416911188864801,0.6986469087109594
id11028,0.7921309888461562,0.1340744853413652,0.07379452581247863
id14180,0.00039247599404936136,0.9865883408944026,0.013019183111548108
id25860,0.05400583425573209,0.02634568268746891,0.919648483056799
id11910,0.03280935668945296,0.7719994377022369,0.19519120560831008
id08065,0.7174461696485269,0.26715028480010955,0.015403545551363513
id22674,0.11919908694666988,0.8156328769529871,0.06516803610034302
id25018,0.001803358618455337,0.989688087452931,0.008508553928613482
id10892,0.20933319795786617,0.3013976698304875,0.4892691322116463
id10217,0.03291039094411202,0.9624661431103877,0.004623465945500385
id12996,0.008446658923260925,0.9716906605044131,0.019862680572326027
id18262,0.9515241260420251,0.027376034212004925,0.02109983974597009
id08606,0.10633304121455413,0.49962053098466574,0.3940464278007801
id17233,0.3308693035652502,0.6642129211423314,0.004917775292418538
id00101,0.11705864551332514,0.8424500970106856,0.04049125747598922
id12225,0.30700944987925627,0.3264176914730633,0.36657285864768047
id01364,0.28262899869845093,0.5733855252068141,0.14398547609473508
id24973,0.023074564013047024,0.11278533837335918,0.8641400976135939
id25363,0.9816607248232848,0.012475075909331734,0.005864199267383469
id10061,0.6792824929874942,0.11190843020093136,0.2088090768115745
id17673,0.03699438341437026,0.0791028647167716,0.8839027518688581
id13249,0.2804575498986042,0.36294632883372707,0.35659612126766876
id10107,0.635919972586772,0.14317638815075956,0.22090363926246842
id04403,0.5266911759096446,0.21595128077317488,0.25735754331718047
id25728,0.17496626977952123,0.1353749149551281,0.6896588152653507
id16184,0.9231070910969436,0.034432480478579684,0.0424604284244768
id03438,0.5837956535998027,0.1817854518385753,0.23441889456162202
id22923,0.011596799735246353,0.0018408065146061352,0.9865623937501474
id08610,0.3517618553475278,0.13650886882366728,0.5117292758288048
id25355,0.04075283970136757,0.9541914035224186,0.0050557567762137545
id16916,0.06691698375067057,0.7427781840228458,0.1903048322264835
id12793,0.9292328360426054,0.06658586134527616,0.004181302612118435
id11859,0.9250899830422716,0.07098625530310215,0.00392376165462629
id02434,0.48048395634646074,0.19133048625492755,0.32818555739861177
id27703,0.3568087548071011,0.06483577500209906,0.5783554701907999
id25212,0.279818599047287,0.3804432515022558,0.3397381494504572
id11308,0.6738649227609199,0.2912804096194436,0.034854667619636535
id26094,0.2141498134889098,0.02143521114739063,0.7644149753636995
id22080,0.00028220866898111637,0.0006474296012459556,0.9990703617297729
id03545,0.9811008811364078,0.011528692519666359,0.007370426343926015
id23725,0.003382100510317339,0.03944848571866261,0.95716941377102
id12009,0.8538976851801329,0.04604118398862747,0.10006113083123963
id24241,0.7428787217635172,0.25701329970500153,0.00010797853148125637
id03596,0.7976394383048536,0.1133021561256217,0.08905840556952475
id10749,0.32288235758698136,0.6421277175845111,0.034989924828507546
id22794,0.017166883970185735,0.938268646036553,0.04456446999326122
id15482,0.6489613517254795,0.31600122384481505,0.035037424429705324
id04833,0.44088836830184847,0.058153102011689314,0.5009585296864623
id00397,0.7649424067298797,0.024803415351183526,0.2102541779189367
id14691,0.0013660834471697471,0.9701342160439356,0.02849970050889478
id05193,0.7256882135635713,0.07860981908311723,0.19570196735331138
id19541,0.3703175087586766,0.08464257022287923,0.5450399210184442
id22166,0.7059370104707872,0.17016004220052783,0.12390294732868497
id20744,0.8513465109335222,0.10199154414929212,0.04666194491718564
id10392,0.20033772882158069,0.719079337007444,0.08058293417097533
id00770,0.11552917906806832,0.10206047504448772,0.782410345887444
id06018,0.49603393827016123,0.017058784404979495,0.4869072773248592
id15678,0.4330265835083285,0.5616344328501299,0.0053389836415416335
id08305,0.9969991318679146,0.0020479503531167145,0.0009529177789687396
id08903,0.14348721962370303,0.8049785287935607,0.05153425158273628
id14752,0.8592001671388412,0.0027023967648396887,0.138097436096319
id12468,0.1627713980378643,0.2102250758485619,0.6270035261135738
id05085,0.0002105189404154463,0.9934479299135189,0.006341551146065636
id21993,0.33907688076736187,0.5148486383188163,0.14607448091382175
id15503,0.036032035076808785,0.9408124082827615,0.02315555664042968
id03021,0.31622227856446045,0.03131677221031777,0.6524609492252217
id16123,0.3021183349599304,0.16953361137349357,0.528348053666576
id19383,0.0004552601698987444,0.014890230576043963,0.9846545092540573
id04186,0.017413715428889816,0.3082393568769105,0.6743469276941997
id17954,0.0015554551871981804,0.004293417989959825,0.994151126822842
id12030,0.26589062269789177,0.22053283652691047,0.5135765407751977
id13020,0.20001344363602294,0.7356631843851313,0.06432337197884568
id25327,0.57266247984663,0.01773940936986905,0.40959811078350095
id16344,0.9820664485433813,0.008893293603105302,0.009040257853513365
id12303,0.014269827794710043,0.4598353876504931,0.5258947845547969
id15017,0.5784684461401911,0.21756341138135135,0.20396814247845757
id22308,0.012022050903681077,0.0016854806750093833,0.9862924684213095
id06536,0.6592192805855387,0.07853628789664457,0.2622444315178168
id19797,0.7711090577841374,0.15430767204196938,0.0745832701738931
id06332,0.2518818544400353,0.596090562273145,0.15202758328681965
id22941,0.965551156071606,0.021645018301831305,0.012803825626562647
id13547,0.00010780906070245868,0.7442798311881513,0.25561235975114616
id06928,0.32020652454434856,0.02486198242852361,0.6549314930271278
id12521,0.533361089085749,0.14455389494448667,0.32208501596976435
id25716,0.9949878891287754,0.0005489418768880123,0.004463168994336559
id27116,0.7162950692113504,0.2819579015201128,0.0017470292685368206
id19941,0.001180097722495732,0.7660370161230728,0.23278288615443155
id05711,0.5236830204961711,0.37721054862533326,0.09910643087849556
id02097,0.5165920646569127,0.4034389105439788,0.07996902479910854
id03563,0.6062341193909615,0.3906427490613782,0.0031231315476603215
id02295,0.03623472895116681,0.9635886561998978,0.00017661484893556704
id08179,0.9860341372750556,0.013692234177000454,0.0002736285479440433
id05332,0.004508785162824374,0.004723299547392779,0.9907679152897827
id15697,0.2264866803518125,0.35969885568185717,0.41381446396633037
id17026,0.2452246726864048,0.014125746768209387,0.7406495805453858
id04243,0.9484622148333819,0.041969341411615096,0.009568443755003125
id13175,0.24218709285025958,0.7093139994289115,0.04849890772082878
id05387,0.01829917816336004,0.012645611354582342,0.9690552104820576
id19989,0.1753707200729255,0.5374801443497068,0.2871491355773677
id25173,0.6873878513995691,0.21772062949773757,0.09489151910269313
id08925,0.6019362038351728,0.13572332676515186,0.26234046939967537
id03034,0.00549617842440546,0.8463675996804769,0.14813622189511763
id13272,0.2566749861887156,0.7268301430484183,0.01649487076286605
id07956,0.3646588163235113,0.5880658715933686,0.04727531208312
id02648,0.21809860562857272,0.013507158091488017,0.7683942362799393
id01778,0.012675071773918384,0.979280787552314,0.008044140673767786
id12846,0.011908479433350874,0.45685838788492317,0.531233132681726
id19001,0.21402651261700575,0.19688966530604204,0.5890838220769523
id05763,0.7772374532983031,0.07255550043207178,0.1502070462696252
id15590,0.04316450351594939,0.02843287526285761,0.9284026212211931
id04912,0.1772706252970169,0.18343688988342985,0.6392924848195533
id21201,0.7523689189149266,0.14666336896423451,0.10096771212083888
id13215,0.9667725942942977,0.020230273207369216,0.012997132498333114
id15612,0.8557274216061082,0.09417963035465754,0.050092948039234336
id18501,0.660975647106361,0.3373238575864093,0.0017004953072296469
id07223,0.3790913562262123,0.5634062871410951,0.05750235663269271
id06707,0.11870963624627105,0.5006742411226572,0.3806161226310717
id05238,0.15295931456120382,0.1466966499797791,0.700344035459017
id00935,0.00823832782044017,0.009888952540645375,0.9818727196389144
id00110,0.8794428251477204,0.03166946035330567,0.08888771449897388
id17476,0.9995326064519232,1.2920730213545131e-05,0.0004544728178631815
id15170,0.9552478682837375,0.0015416273932350834,0.04321050432302749
id13397,0.07547863012498283,0.00048080684228576714,0.9240405630327315
id24283,0.5379682502975586,0.11869783095395836,0.34333391874848307
id15234,0.382576832188052,0.21206544969699478,0.4053577181149532
id16884,0.9251754674024005,0.04508460316385443,0.029739929433745056
id07831,0.42599561268520214,0.021491869423912825,0.552512517890885
id16038,0.11414421370683134,0.7611804516116654,0.12467533468150326
id03629,0.01836367512405233,0.7350888109060761,0.24654751396987146
id21019,0.013650124763834226,0.006444285875579459,0.9799055893605864
id21835,0.7675160610405379,0.1508982709811315,0.0815856679783306
id04480,0.4416331027810634,0.18833793890062822,0.37002895831830834
id20838,0.651842390183283,0.2287018730687796,0.11945573674793743
id24195,0.4298665087503943,0.5674791397708192,0.002654351478786473
id05448,0.1872375238162989,0.14043919783551453,0.6723232783481866
id15957,0.5001974692667878,0.47011582088167975,0.0296867098515324
id19956,0.002221897902499109,0.0017257176120719702,0.9960523844854289
id15104,0.5950567865238738,0.1323485305546301,0.2725946829214961
id17559,0.3821058842747233,0.011384253649074041,0.6065098620762026
id16839,0.20788341820282075,0.07556448719898538,0.7165520945981938
id14493,0.21145273839246076,0.7594434021637864,0.02910385944375295
id08833,0.8601285978242683,0.03879757298215197,0.10107382919357967
id15723,0.9692759119551368,0.019726783750827058,0.010997304294036158
id02716,0.6406692551573016,0.09331014661223432,0.26602059823046426
id06689,0.5316916140582557,0.020552929498330933,0.4477554564434133
id18837,0.22176228377502974,0.6794563465558442,0.09878136966912597
id04466,0.004027200685095642,0.21012412043119588,0.7858486788837085
id00686,0.03892580050372419,0.34843818559172074,0.6126360139045551
id09010,0.8804700904131073,0.04902819449840194,0.07050171508849072
id23353,0.5985397078932536,0.3181028759132301,0.08335741619351635
id00066,0.6991404404107209,0.25198014933263846,0.048879410256640665
id15724,0.005853237330144033,0.9717230824958254,0.022423680174030656
id23486,0.13107835408553853,0.050793412278334185,0.8181282336361273
id22258,0.20936602090907316,0.6664989981483046,0.12413498094262224
id02292,0.5517984750374307,0.423533621336089,0.024667903626480168
id16356,0.11470516157999917,0.6729892690823222,0.21230556933767866
id00235,0.3630742880433226,0.4462187431931195,0.19070696876355792
id25522,0.6965510663239125,0.28745584388924217,0.01599308978684535
id04204,0.00030181725474663136,0.9946760520974682,0.005022130647785074
id22016,0.7934461037512658,0.19886264182074453,0.007691254427989774
id06480,0.9949048112716573,0.0027699684349002645,0.002325220293442601
id08718,0.7305487097055863,0.2260839777809741,0.043367312513439615
id05251,0.2779302621157331,0.02616772056092822,0.6959020173233387
id03359,0.8163720516378594,0.10257402700433364,0.08105392135780698
id16117,0.6304857747745786,0.21875850284481335,0.15075572238060805
id17000,0.22288149169945154,0.6700380189461557,0.10708048935439271
id01730,0.0011402657562283533,5.516182771626902e-05,0.9988045724160554
id00630,0.797276063940595,0.01167077177596346,0.1910531642834415
id18175,0.0028509159709694796,0.03958576581354874,0.9575633182154818
id00907,0.6529399741562896,0.1792760503008128,0.16778397554289762
id18251,0.9607673070149999,0.004192099559982213,0.03504059342501794
id25861,0.9319045401350421,0.004475841667836273,0.06361961819712149
id00398,0.4063722775889152,0.36856407487000586,0.225063647541079
id27573,0.37924747645658435,0.30645998205002145,0.31429254149339425
id10022,0.17952346856253334,0.025185680160700205,0.7952908512767665
id15901,0.2505378464060277,0.7224565754126057,0.027005578181366622
id00451,0.003144488570071295,0.9640578529288782,0.03279765850105055
id23129,0.830462620212326,0.032600131170525494,0.13693724861714854
id26498,0.3486819002754655,0.32119399472526977,0.3301241049992648
id14741,0.7074881239150719,0.11202976206597819,0.18048211401894992
id18453,0.9528699447493103,0.0446313169828231,0.0024987382678666524
id08309,0.2097466643724649,0.5648278961915083,0.2254254394360268
id00320,0.0013643276505126243,0.0015634512341312756,0.9970722211153561
id07688,0.7624643615794823,0.08624529084181241,0.15129034757870524
id01556,0.6942459014362647,0.1463047036022034,0.15944939496153177
id00178,0.931837479579863,0.00020084177871276807,0.06796167864142426
id18902,0.4045564721180556,0.1583401479005678,0.43710337998137655
id27002,0.2103187575274407,0.06558622390559614,0.7240950185669631
id21418,0.46878734392111143,0.49393991497271,0.037272741106178675
id23018,0.002677655005355405,0.9963790750120397,0.0009432699826049408
id07032,0.11980115094188386,0.3232724709576899,0.5569263781004262
id16195,0.0060724131849629265,0.9555937083832303,0.038333878431806905
id11202,0.7500377910909943,0.0003387055593661882,0.24962350334963948
id09578,0.09255164225899568,0.8191846920077921,0.08826366573321222
id26984,0.48526146239515405,0.354487556658519,0.16025098094632698
id19856,0.006861531558973148,0.9928405723965613,0.00029789604446548855
id12086,0.20050260181105672,0.6317439658738827,0.16775343231506062
id12052,0.2373984386995447,0.09586337317349958,0.6667381881269557
id17728,0.7089414576780236,0.09427459346308412,0.19678394885889225
id24608,0.010267648413982176,0.9242426857342309,0.06548966585178695
id21097,0.47116103640940243,0.03371484526215208,0.4951241183284455
id20179,0.7830876860386318,0.05965500620613355,0.15725730775523472
id15144,0.9648246061549935,0.025850972924393523,0.009324420920612862
id00206,0.5237562805422628,0.2531889534276818,0.2230547660300555
id22285,0.020134089976663095,0.021368926042540964,0.958496983980796
id06417,0.8333531477848956,0.07465380164289001,0.09199305057221446
id00215,0.6217517295817365,0.11704066177778341,0.26120760864048004
id04201,0.6155482231482065,0.1999895431676026,0.18446223368419098
id21771,0.6468109016749672,0.3531548830886013,3.4215236431619823e-05
id12451,0.18929303093805563,0.20353645729947908,0.6071705117624653
id14250,0.7309263213840161,0.11628942165065968,0.15278425696532424
id03433,0.7401566679726364,0.000255913272971808,0.25958741875439173
id03303,0.06229014378058819,0.8519309407811423,0.08577891543826953
id25901,0.0822893856038896,0.7365579406916768,0.1811526737044337
id06945,0.09529766448426065,0.35040604643325896,0.5542962890824804
id05664,0.8399459338743522,0.1311250151829405,0.02892905094270728
id05741,0.583212017389556,0.21435740089016178,0.20243058172028228
id10652,0.00013350657459129127,0.9751237583011056,0.024742735124302986
id16300,0.0015890460765576701,0.9797170208146762,0.01869393310876622
id12319,0.9128674168425347,0.01437478833762598,0.07275779481983936
id07500,0.20709855814111483,0.3025848593927414,0.4903165824661438
id12478,0.01950587442326298,0.980461897148935,3.222842780210814e-05
id03076,0.010954870791474898,0.20190877483495845,0.7871363543735665
id00969,0.38978154958301986,0.015883118831060722,0.5943353315859194
id23636,0.6200564713160506,0.2441758302426608,0.13576769844128872
id09791,0.5179087272712755,0.08009983846169996,0.40199143426702444
id05680,0.1354971707905103,0.6995168041761587,0.16498602503333093
id03672,0.2047506661417274,0.0025017162716383682,0.7927476175866343
id04286,0.3821071386357743,0.16324584893715083,0.45464701242707484
id23883,0.013907924538615092,0.9404735686165103,0.045618506844874535
id11914,0.0037649246491265544,0.9743821227798697,0.021852952571003715
id20974,0.33906192223472364,0.2317895781234776,0.42914849964179874
id26125,0.8031125092253518,0.1357198509133189,0.06116763986132932
id15543,0.0001658438651948084,0.9987574306634798,0.0010767254713252542
id19471,0.6226789260587438,0.10462165659404915,0.27269941734720715
id11503,0.23875003104135814,0.10502383610156453,0.6562261328570773
id09321,0.014321087862535994,0.9853155772067828,0.00036333493068116927
id25560,0.7855598545983326,0.12163869754974839,0.092801447851919
id06726,0.8396082973763878,0.13165754845342284,0.02873415417018944
id05709,0.21544731300670006,0.010839541864722772,0.7737131451285771
id09788,0.08624491883139135,0.6809594069705552,0.23279567419805336
id05289,0.9555718822242739,0.04089810973690995,0.0035300080388161194
id11815,0.005466247182695078,0.8722084789605926,0.12232527385671232
id22422,0.002730929752067567,0.7415576637936854,0.25571140645424695
id25954,0.8725482295084712,0.020009463198071047,0.10744230729345766
id13601,0.010190289634645246,0.9507195593873135,0.03909015097804138
id05677,0.16320886540823082,0.6231713989508132,0.2136197356409561
id10498,0.31760115067591643,0.17336478367168198,0.5090340656524016
id02665,0.5934600773211289,0.1893498145695838,0.2171901081092873
id10114,0.4290511024702806,0.43799110931394136,0.13295778821577797
id26314,0.06587946495629032,0.010641489360464535,0.9234790456832452
id21240,0.6428235792750681,0.14702402244773272,0.2101523982771991
id15569,0.06459816900088301,0.013351869684213306,0.9220499613149037
id25928,0.19356573742578462,0.050494642206557964,0.7559396203676574
id22706,0.17903383439689757,0.7085512741505848,0.11241489145251761
id20877,0.009778286390617156,0.011729198925193675,0.9784925146841892
id04318,0.3192388203777395,0.4553423435361577,0.22541883608610275
id18299,0.9649367347531457,0.019463821471023362,0.015599443775830888
id08126,0.4667261502148153,0.32063376361149315,0.2126400861736916
id14293,0.7827206688655022,0.13607836494414194,0.081200966190356
id12759,0.08978163010430253,0.8186274797014418,0.09159089019425562
id11983,0.16019832740123258,0.01942840732046643,0.820373265278301
id05580,0.048954492561925654,0.1758305658379194,0.7752149416001549
id25846,0.03819744064878126,0.02211591778107515,0.9396866415701436
id01939,0.0008277597888670998,0.9873771025196065,0.011795137691526365
id26327,0.4781221451322693,0.05659584936775449,0.46528200549997617
id11068,0.007179560193891403,0.008566884050965715,0.9842535557551428
id08404,0.8328886475525233,0.03798310116824091,0.12912825127923575
id27189,0.3311164773072304,0.3667823892132592,0.3021011334795105
id15119,0.8228507225943864,0.16735521204732076,0.009794065358292917
id26525,0.012598514602521125,0.029510009190716387,0.9578914762067624
id03618,0.7881398561767587,0.09866963558123666,0.11319050824200455
id27220,0.006804665064958034,0.1764443388621698,0.8167509960728722
id18777,0.7099428688820586,0.2899663698419834,9.076127595788639e-05
id20213,0.008578712266351105,0.8245637615582339,0.16685752617541505
id20403,0.0294233610442596,0.9653766833351147,0.005199955620625589
id03777,0.3066568678234867,0.2852855390073707,0.4080575931691426
id10595,0.15168329503425643,0.5298726243574203,0.3184440806083233
id13816,0.2001726057479932,0.015633458181436324,0.7841939360705704
id05667,0.6859687462401005,0.012593656194196444,0.30143759756570304
id24629,0.49773247653581193,0.3681741309764325,0.13409339248775562
id20398,0.7611552576302134,0.15685945120893077,0.08198529116085572
id14108,0.7853881469437528,0.012658637893845314,0.20195321516240203
id06196,0.3760836706656621,0.6043752668051464,0.019541062529191456
id02800,0.9801987034281275,0.017552567569890373,0.0022487290019820535
id18732,0.8387364285311744,0.15829728428002207,0.0029662871888035906
id11915,0.4403598386906851,0.17515562866936107,0.3844845326399538
id09739,0.10069128815548352,0.7597877909532053,0.1395209208913112
id24672,0.684416866091848,0.24542202889970885,0.07016110500844307
id00414,0.0006674834981162224,0.999107265218065,0.00022525128381875473
id16307,0.7180627813260686,0.1428858388563717,0.13905137981755974
id14043,0.002247112685183072,0.60439031206524,0.393362575249577
id00517,0.7368806655328619,0.01133035961626274,0.2517889748508755
id09744,0.4083010883566756,0.479501525989578,0.11219738565374648
id19257,0.01249464168390657,0.005048906826066743,0.9824564514900266
id15437,0.010952638317316495,0.9630378169364496,0.026009544746233914
id16352,0.14995303457672107,0.1063786292272166,0.7436683361960624
id18849,0.75260452109486,0.16969412564019046,0.07770135326494944
id19434,0.9082499280459468,0.08635492796115317,0.0053951439929000025
id17928,0.8735115311580899,0.07918825774251681,0.04730021109939334
id16896,0.0005026062579441478,0.004724649790528138,0.9947727439515278
id02135,0.2884805003731762,0.03560064370494257,0.6759188559218813
id15075,0.17980491166005566,0.797749155491684,0.022445932848260314
id27486,0.29052468530129666,0.14413174226986858,0.5653435724288347
id19422,0.0011517666152382343,0.5435785371909946,0.45526969619376717
id09603,0.13360616883046098,0.1672514655986441,0.699142365570895
id02133,0.1981848437844227,0.0013245559203826516,0.8004906002951947
id03441,0.851216995727268,0.024797460248223175,0.12398554402450884
id02398,0.7604023572751172,0.05139549085396752,0.18820215187091538
id05152,0.18556294661409606,0.5285608452320794,0.2858762081538245
id17838,0.4163288778228092,0.42328723143519764,0.1603838907419932
id25060,0.9615572815504467,0.019663844020072572,0.018778874429480605
id09998,0.9404563822645545,0.026758926718635747,0.032784691016809836
id01828,0.6468655945947117,0.06491426679639216,0.28822013860889617
id25377,0.9294044542484386,0.06533258996048545,0.0052629557910758296
id22175,0.05547482640438539,0.09973379200553453,0.8447913815900802
id02974,0.03488192082847683,0.016501702521105503,0.9486163766504176
id26955,0.00357746738719355,0.03850402240025206,0.9579185102125545
id21091,0.10117108721634861,0.21722210398582165,0.6816068087978296
id12802,0.9740100726068326,0.021924912088511883,0.004065015304655441
id07432,0.6230650457289322,0.3522484777322118,0.024686476538855973
id18749,0.9979741413113903,0.000810011912986841,0.001215846775622844
id15030,0.0403140354466643,0.2657199231842369,0.6939660413690988
id17155,0.002835688961604189,0.4431941772608282,0.5539701337775677
id08128,0.7765041302750908,0.0853414305224311,0.13815443920247808
id25706,0.2307718959716096,0.009269304498434407,0.7599587995299559
id15645,0.5973613663316301,0.17523451450059452,0.22740411916777545
id04943,0.09135306153005321,0.8957956852501577,0.012851253219788932
id27566,0.00029202425158247566,0.0024941679490589545,0.9972138077993586
id11765,0.01624473516837084,0.9766279653753369,0.0071272994562923
id13783,0.007617349434817935,0.042737559710572755,0.9496450908546092
id00492,0.19524266047642785,0.661200194392216,0.1435571451313561
id27636,0.0337505585919402,0.9192884044189475,0.04696103698911234
id04273,0.46722195075505957,0.0471304663128632,0.48564758293207705
id02537,0.3433727990314909,0.12012665550106069,0.5365005454674484
id24349,0.86859817024877,0.06132942786713472,0.07007240188409547
id00023,0.6933688513857758,0.16942110173757446,0.13721004687664978
id23025,0.13834680120265247,0.7412377694766525,0.12041542932069504
id08722,0.11182448156611134,0.875718321623297,0.012457196810591693
id02420,0.5334275715345465,0.25531829854377863,0.21125412992167503
id10811,0.4095942464604207,0.008116846905974327,0.582288906633605
id04019,0.22531822535558582,0.007550694422567704,0.7671310802218465
id18334,0.8973768171394957,0.006804564137339037,0.09581861872316512
id16781,0.01792507858276825,0.033943727541905,0.9481311938753267
id08773,0.02580552608913815,0.03725022533019979,0.936944248580662
id19214,0.0005410213797841508,0.9944001740700419,0.005058804550173989
id09589,0.08675484541466527,0.0030463082441984065,0.9101988463411365
id24246,0.9892861715235024,0.005706350805404962,0.00500747767109267
id23577,0.952951798924505,0.0036043997888671477,0.04344380128662783
id09305,0.352434763268349,0.6011948672958816,0.046370369435769485
id16460,0.03127846071483998,0.9104715546373945,0.05824998464776544
id21115,0.22515799867494662,0.11271899678948594,0.6621230045355675
id25996,0.8562231493540317,0.135886499904902,0.007890350741066175
id02551,0.03903758068184734,0.3069128039003968,0.6540496154177557
id19352,0.034838259574680785,0.01639896223235602,0.9487627781929632
id03806,0.21345206508445635,0.7751279392860768,0.011419995629466925
id26544,0.7552688599015079,0.24344321386370216,0.0012879262347899423
id18761,0.9102804705949535,0.0885798768597681,0.001139652545278322
id24148,0.003322680629769634,0.32318242694086446,0.673494892429366
id16095,0.8502326378396179,0.11142601358927696,0.03834134857110521
id18442,0.0737639975413543,0.007561462272845601,0.9186745401858001
id22596,0.023252057239568635,0.08282818185432833,0.893919760906103
id23002,0.46986000715696785,0.519116452478009,0.011023540365023317
id04797,0.6287130941958855,0.13142602209366955,0.23986088371044498
id06610,0.010615075860189538,0.012342460745721854,0.9770424633940886
id16173,0.05399253464749107,0.5606599124091779,0.385347552943331
id18292,0.6275257895985606,0.20050819389297964,0.17196601650845977
id27328,0.6986269445674972,0.29313675630696673,0.008236299125536051
id01695,0.15625709597242562,0.4731737339802555,0.370569170047319
id05761,0.0655072006148505,0.8058672583275481,0.12862554105760132
id16354,0.0005363317257335022,0.0005549925742931685,0.9989086756999734
id12207,0.005908529522345071,0.992003480783082,0.002087989694573114
id05665,0.779325337384914,0.07665468662856913,0.14401997598651678
id01911,0.4539784034994434,0.13857595022084188,0.4074456462797147
id19153,0.39713665285604427,0.2893801155001131,0.3134832316438425
id10295,0.7598649327716213,0.016484512847651844,0.22365055438072684
id23038,0.03428422926717924,0.022526506569838175,0.9431892641629827
id23783,0.2737037436879836,0.32926404064581416,0.39703221566620217
id27879,0.37613758043898665,0.614795031812108,0.009067387748905273
id19190,0.1998157072320358,0.7619160421347455,0.038268250633218634
id05065,0.12199995483556506,0.01491394943598667,0.8630860957284483
id21296,0.009645512546895543,0.9621506955639303,0.028203791889174226
id13262,0.6510938267262408,0.01269827887933347,0.3362078943944258
id10333,0.02432778994414747,0.006812477138974364,0.9688597329168782
id16677,0.27101255536619634,0.7233883548744067,0.005599089759396884
id01392,0.31562808300492207,0.5419454473238193,0.14242646967125863
id27874,0.01988505204794061,0.03336061110076282,0.9467543368512966
id02294,0.9481769556738584,0.03727098912576159,0.014552055200379959
id18298,3.804672620965094e-05,0.1919237977809423,0.808038155492848
id06997,0.046459722621758924,0.008572790721358896,0.9449674866568822
id05243,0.20402553018280917,0.0037676829644261406,0.7922067868527647
id00860,0.997680384696523,0.00042099374426295166,0.0018986215592140246
id26681,0.8606469117948811,0.11307267985096309,0.026280408354155935
id06020,0.7255995816034536,0.14862855191574034,0.12577186648080613
id27683,0.0031358509846615285,0.0017219376932620352,0.9951422113220765
id17655,0.1210998131133356,0.28054038681136967,0.5983598000752948
id08817,0.2902938154531576,0.2836009731317494,0.42610521141509305
id11512,0.8074348601274267,0.10794183403928768,0.0846233058332856
id00478,0.0015445770300724887,0.003950659329538864,0.9945047636403885
id02116,0.9267976619209887,0.06192989095394985,0.011272447125061551
id06746,0.7090296724657312,0.00847435841269818,0.28249596912157043
id03863,0.361345360939347,0.6087936977086479,0.02986094135200505
id01802,0.00622892938292206,0.9339874685002916,0.059783602116786516
id11682,0.4951951099059988,0.43121609619120105,0.07358879390280013
id04033,0.5882293351041318,0.09150313310743674,0.3202675317884314
id09286,0.03673990533130059,0.21603434069336333,0.7472257539753362
id12904,0.7655207354993012,0.004913680629690089,0.22956558387100864
id07420,0.22698225988824314,0.7653830418033888,0.00763469830836818
id22398,0.9813050589771468,0.0060869162875938675,0.012608024735259347
id00424,0.07007183654799728,0.019732293987749602,0.9101958694642531
id20960,0.7548384089170374,0.22948244363936318,0.01567914744359951
id10267,0.013895888190766143,0.0016557038515142184,0.9844484079577196
id19330,0.9320903314361677,0.00992867089339995,0.05798099767043223
id00994,0.18689791149433546,0.4367751442662669,0.37632694423939755
id10785,0.6838749175972949,0.14121860351382698,0.17490647888887817
id00955,0.02289448958408631,0.07776656878581682,0.8993389416300968
id09757,0.6644273915591263,0.22563084280322335,0.10994176563765025
id10030,0.65170521231652,0.0057640481474167974,0.34253073953606317
id22952,0.31228810205929247,0.6598741026231437,0.027837795317563703
id21955,0.6462685721543273,0.005446645577124389,0.3482847822685482
id07674,0.04121359499791573,0.7170614272098982,0.24172497779218619
id13760,0.09767881544491117,0.11006812397115402,0.7922530605839347
id18166,0.03920065231585111,0.08821362797198197,0.8725857197121669
id23498,0.16855548059844883,0.7268777416812285,0.10456677772032263
id05296,0.5717143202320054,0.035300678227432714,0.3929850015405618
id26709,0.6505234655265795,0.09242280228547423,0.25705373218794636
id02853,0.11015528082354964,0.003034047160339891,0.8868106720161105
id06800,0.34781159969188136,0.5950032729532073,0.05718512735491126
id14758,0.0012763775864934042,0.7197308207456325,0.278992801667874
id12356,0.3225813549125423,0.030289045116038086,0.6471295999714195
id21492,0.9782396054351455,0.020303377062578905,0.0014570175022755294
id27540,0.018330072736922113,0.9569133675270464,0.02475655973603153
id07376,0.5364835217589301,0.17376620922631406,0.2897502690147558
id15201,0.5055788887276538,0.001026615465799087,0.49339449580654715
id23388,0.5612603463045893,0.18951839020934413,0.2492212634860666
id13923,0.9510834002005952,0.044241552020146145,0.004675047779258555
id00794,0.3031034876216167,0.04413721667619502,0.6527592957021883
id23910,0.12985182672951576,0.05903412078403397,0.8111140524864502
id02556,0.0015221382060090502,0.011348573196301445,0.9871292885976896
id22151,0.28456211182938224,0.025173257656564894,0.6902646305140528
id11698,0.7545529008528353,0.1622950970669828,0.08315200208018184
id11627,0.07042478528339627,0.7849574310075701,0.14461778370903364
id06340,0.22594121851155427,0.1069675339650711,0.6670912475233746
id05123,0.30549466793874896,0.09258098743354463,0.6019243446277065
id26620,0.06691079730922889,0.33699712629178685,0.5960920763989842
id04002,0.23737049623897685,0.0027959926236183806,0.7598335111374047
id26554,0.70971768891099,0.10904299874669386,0.1812393123423162
id18012,0.888257988855027,0.10944444479538314,0.002297566349589629
id12964,0.39935532906010374,0.06387063764422418,0.536774033295672
id18965,0.008313741071620917,0.020985517189778993,0.9707007417386001
id19082,0.0027859896752680936,0.004157948956631923,0.9930560613681001
id26742,0.8225512618451704,0.12682342378856432,0.05062531436626528
id15442,0.2618569357442588,0.5382334845612239,0.1999095796945173
id16647,0.002224008594679635,0.9912227840377783,0.00655320736754213
id11544,0.8748335075625222,0.00951371462124151,0.11565277781623634
id20581,0.8002049030368695,0.19120983680947712,0.008585260153653433
id13192,0.1969180483114512,0.7972034026112749,0.005878549077274011
id15814,0.42218585834803396,0.2403554500529816,0.33745869159898434
id26279,0.9448857661193252,0.012970212652127737,0.04214402122854706
id00240,0.7818482607874244,0.13838342564146347,0.07976831357111205
id22836,0.25711306312954946,0.628258394605431,0.11462854226501946
id15085,0.05921145146829608,0.708799843708879,0.23198870482282477
id17495,0.8124763893418507,0.08334857254776216,0.10417503811038707
id26762,0.8762812893779922,0.057844119464755955,0.06587459115725187
id13685,0.011995206403900312,0.986518509798874,0.0014862837972255268
id16560,0.8406953707877676,0.15250094464667271,0.00680368456555969
id17184,0.5189463561320905,0.4235971115768227,0.057456532291086715
id21635,0.007198154515764903,0.3786108895487384,0.6141909559354967
id26751,0.3821135438212328,0.0026163188760777033,0.6152701373026895
id12351,0.7883349452004257,0.21094281748699373,0.0007222373125806115
id14872,0.3778166544691337,0.007619438986852941,0.6145639065440133
id18372,0.9653435936526642,0.013773690494568822,0.02088271585276703
id26851,0.8339089036315459,0.07879657876781195,0.08729451760064218
id22659,0.06202925847251827,0.8383145119105744,0.09965622961690727
id04102,0.3372069045409542,0.6620361060645686,0.000756989394477097
id02353,0.008717005809548732,0.018009368949443876,0.9732736252410075
id26721,0.7974243250989106,0.13529862383715685,0.06727705106393256
id11171,0.00024474970836683475,0.23343292880221858,0.7663223214894146
id13562,0.30462414104254565,0.027766053585117467,0.6676098053723369
id26425,0.05263463967753068,0.3960895548987064,0.5512758054237629
id26394,0.927547997544022,0.010364027533571352,0.06208797492240658
id22187,0.4252682407993411,0.4993951088242506,0.07533665037640823
id00422,0.867775932468098,0.07365281003771107,0.0585712574941909
id22667,0.9089656581356698,0.0008363959898676042,0.09019794587446263
id00911,0.02891662748862536,0.17705158117009517,0.7940317913412795
id17291,0.004220485159923403,0.0546843942804442,0.9410951205596324
id01915,0.7727129918386475,0.009641736171860357,0.21764527198949224
id01434,0.013818588676335454,0.9768965623199518,0.009284849003712597
id01584,0.019173449383874625,0.9471730560050924,0.03365349461103299
id09266,0.7262944957288758,0.07949118551213706,0.19421431875898712
id17494,0.9811022240678772,0.009090299431207153,0.00980747650091572
id24919,0.22574436506469234,0.01007884411152599,0.7641767908237818
id21043,0.010590057779399118,0.27800435364912407,0.7114055885714768
id17796,0.1288211136101507,0.8591265658426946,0.012052320547154709
id02166,0.9083008263821976,0.08097600240313911,0.010723171214663355
id17503,0.8527430795654031,0.01777569597274503,0.1294812244618519
id21203,0.6625896548758252,0.2795410255250935,0.057869319599081384
id25626,0.8823873443890674,0.04026895855507218,0.07734369705586037
id09836,0.15240458717947075,0.4690537205786125,0.37854169224191686
id24202,0.41510622202798975,0.568072907389047,0.01682087058296318
id27260,0.778329497268862,0.10700953132942828,0.11466097140170983
id23167,0.20528063027436064,0.7875558061824277,0.00716356354321156
id10393,0.4310714436823533,0.021993551738095047,0.5469350045795517
id01171,0.26460039990440853,0.01113362611687212,0.7242659739787195
id06380,0.5100553943489411,0.05243131912503224,0.4375132865260268
id22686,0.6985888384335744,0.29642201063662466,0.004989150929800978
id26250,0.429499952984105,0.28662902372777377,0.28387102328812125
id09315,0.29505985045735816,0.5990488418900265,0.10589130765261531
id00886,0.16912408317203745,0.08427049678335685,0.7466054200446057
id03101,0.6117025098323888,0.2042574788528557,0.18404001131475556
id12367,0.002010391632626609,0.9778491299156024,0.02014047845177103
id10770,0.031583334024278535,0.11287616050387965,0.8555405054718418
id14949,0.012351355669758108,0.016994706755682324,0.9706539375745596
id14141,0.0017402063250433098,0.8196966839100944,0.17856310976486225
id25417,0.6806727739215409,0.2810024548942422,0.03832477118421671
id26873,0.15187200622632785,0.4486171887562259,0.3995108050174463
id10818,0.6619354429346889,0.1448242254140515,0.19324033165125964
id15146,0.7361254293396936,0.2623267196245621,0.001547851035744325
id23328,0.7296848692450634,0.2570485404958281,0.0132665902591085
id16765,0.04525547095219907,0.9364319648015039,0.018312564246297004
id24383,0.631670831548552,0.10923174343868572,0.25909742501276234
id21304,0.6786769297909558,0.22023462109318384,0.10108844911586044
id12551,0.8075152758743677,0.10611321755549781,0.08637150657013443
id23274,0.0804664214905543,0.1292886908643242,0.7902448876451216
id08117,0.008039506775868212,0.04147639566835981,0.950484097555772
id23961,6.74377575775006e-05,0.0017761681194089422,0.9981563941230136
id13865,0.10161789128214108,0.771270884966435,0.12711122375142397
id22807,0.5436445803929366,0.017167663839524908,0.4391877557675385
id08951,0.780468268213903,0.05714644301848186,0.16238528876761513
id18684,0.06379027300576849,0.9104500045986009,0.02575972239563076
id25179,0.007549140401933996,0.9360764264041352,0.05637443319393056
id27033,0.8132845090513098,0.13988275604711295,0.04683273490157722
id13977,0.9796326551998392,0.005418649206418255,0.014948695593742425
id19337,0.2522216721498686,0.6353835801470077,0.1123947477031236
id25764,0.6855026078217851,0.25780843683534,0.0566889553428749
id16106,0.13556241723180798,0.8172277110463758,0.047209871721816184
id05468,0.23919039922974794,0.7536511087219417,0.00715849204831032
id05241,0.19352514044479438,0.47197176862656215,0.3345030909286434
id10215,0.9571529231301711,0.012134450334525499,0.030712626535303378
id23457,0.8838357691376437,0.01777911062782083,0.09838512023453543
id02200,0.18659318046585718,0.1382303464525075,0.6751764730816353
id13714,0.13537283241808193,0.08932208297159079,0.7753050846103273
